3756443763760712
8004115212452443
3601162316365666
0031816347174714
9110904538622904
0761781536762754
3931428013818520
8225810096707709
9995999792936974
3796036037949375
0332629116851659
9003801613083076
6256329236049023
2780137712199022
2571411353601417
3228306333594884
4587349033796299
2880364972550826
6350522888412673
4955265148390031
9889282618345523
1580233016166602
1424101872979334
7286417900369148
2197928613569854
4233118545722975
4021586864819881
5120147043146713
4726145648679224
3186386249415198
4202179461160353
2795310158635778
2667330685077012
2642984127349116
